C:\itmo\OP\2int2023_t\tests\number_tests[1]_tests.cmake
8704
0 50
0x7ff6a738d0d9 6
0x7ff6a738d0e4 6
0x7ff6a738d0ef 6
0x7ff6a738d0f5 6
0x7ff6a738d0fb 3
0x7ff6a738d101 6
0x7ff6a738d105 6
0x7ff6a738d109 3
0x7ff6a738d10f 87
0x7ff6a738d111 3
0x7ff6a738d11d 3
0x7ff6a738d124 3
0x7ff6a738d12b 3
0x7ff6a738d131 3
0x7ff6a738d137 3
0x7ff6a738d13b 39
0x7ff6a738d188 12
0x7ff6a738d1d8 12
0x7ff6a738d1f0 24
0x7ff6a738d338 12
0x7ff6a738d388 12
0x7ff6a738d4d0 12
0x7ff6a738d520 12
0x7ff6a738d570 12
0x7ff6a738d6b0 12
0x7ff6a738d700 12
0x7ff6a738d750 12
0x7ff6a738d890 12
0x7ff6a738d8e0 12
0x7ff6a738d930 12
0x7ff6a738da78 12
0x7ff6a738dac8 12
0x7ff6a738db18 12
0x7ff6a738dc58 12
0x7ff6a738dca8 12
0x7ff6a738dcf8 12
0x7ff6a738de38 12
0x7ff6a738de88 12
0x7ff6a738ded8 12
0x7ff6a738e018 12
0x7ff6a738e068 12
0x7ff6a738e0b8 12
0x7ff6a738e1f8 12
0x7ff6a738e248 12
0x7ff6a738e298 12
0x7ff6a738e3d8 12
0x7ff6a738e428 12
0x7ff6a738e478 12
0x7ff6a738e5b8 12
0x7ff6a738e608 12
0x7ff6a738e658 12
0x7ff6a738e798 12
0x7ff6a738e7e8 12
0x7ff6a738e838 12
0x7ff6a738e978 12
0x7ff6a738e9c8 12
0x7ff6a738ea18 12
0x7ff6a738eb58 12
0x7ff6a738eba8 12
0x7ff6a738ebf8 12
0x7ff6a738ed38 12
0x7ff6a738ed88 12
0x7ff6a738edd8 12
0x7ff6a738ef16 12
0x7ff6a738ef1c 12
0x7ff6a738ef22 12
0x7ff6a738ef28 24
0x7ff6a738ef2a 12
0x7ff6a738ef32 12
0x7ff6a738ef38 12
0x7ff6a738ef3e 12
0x7ff6a738ef44 12
0x7ff6a738ef4a 12
0x7ff6a738ef53 12
0x7ff6a738ef57 12
0x7ff6a738ef5c 12
0x7ff6a738ef61 12
0x7ff6a738ef67 12
0x7ff6a738ef70 12
0x7ff6a738ef78 36
0x7ff6a738efc7 12
0x7ff6a738efe8 12
0x7ff6a738f0d8 12
0x7ff6a738f130 12
0x7ff6a738f1cf 12
0x7ff6a738f1d4 36
0x7ff6a738f1d9 12
1 92
10 29
10000 6
1004373611299252998641630229945772235727532040707138881108 12
100437361129925299864163022994577223572753204070713888111204937089006626491254 24
1023 12
1024 36
1025 12
11 5
12 5
1248 12
1282 12
13 17
13230854 12
14 17
15 41
16 17
1623 12
17 29
18 5
19 5
1908 12
1988 12
2 29
20 5
2074 12
21 5
2147483647 15
2147483648 9
2147483649 6
22 4
23 4
239 6
2530 12
255 12
256 12
2int2023_t 236
3 5
31251 3
31252 3
3243460 12
32767 6
32768 15
32769 3
3614 12
3626777458843887524118528 12
3661 12
36910543626357909786996858927504055915546565889432391444809017960754559034869 12
37524906559012625607594720163609851303954535263701568652191903636685120612512 12
3812 12
382489325376807706010 12
38248932537680770601029411713883490518620747926528326546087978398975222618629 12
3896 12
4 5
405272312330606683982498447530407677486444946329741970511324085183808429621437 12
405272312330606683982498447530407677486444946329741970511324085183808429621438 12
405272312330606683982498447530407677486444946329741974138101544027695953739965 12
40527231233060668398249844753040767748644494632974197776 12
405272312330606683982498447530407677486444946329741977764879002871583477858493 24
42344127027586150326858908364592447171456924859482671531491421249667097722632 12
4294901761 6
4294934528 6
44899278342867897178161916408851471645352269498831438830738136848321760750814 12
47 12
5 5
55627717134782002331025974681758179291147628290118003381475391126414775855903 12
56845854057590252584006989429627957413326802230550090002766152423691466199867 12
5804 12
6 5
62 12
64033119192930786369855153249687612316535508118289072695888014347370611057501 12
65529078579099725249902581203152790807201440339173524296737345244458286237794 12
65535 12
65640897397740066190551572165409064134582743288004789061190670791021638623800 12
65670123909401983585308549786595851694410179714945696570320001142378944542562 12
67532224128613087281662110248791958688454806792296727573054956633143475837222 12
67986512732075487315221040743176172402098301981074288624134434874570594916189 12
68849238462076040579623317176146477521262781110665354478170488330043650923186 12
7 5
70937068087195689802196086497885550869204550154344904328970246838414875130163 12
71179774459146621954624263114204033447348272489955909646997340730319785986765 12
720 12
7275 12
72871897469819293737367872833326987466367646586482254424286949504560031874005 12
73989903274620946355896497534176567458423271806658992916116356604130779555503 12
7433568 12
74740812139497906314119485815115358176873775528344185232088990644697244287674 12
76274280532169161947344894940665778832558853403881828514553163329962471884371 12
77395514233945693851309379069318824882565188883653627192010699993199608317469 12
78577375039869595983650414228663617994836280624125539477368993945122062666954 12
8 5
81563986793718630029735428226007353499088224879562093056794053617199222693159 12
82525551859180769338356537095667899997940203894520739123078359239582931071496 12
88855163870341754842750315870614312116360574967963774070817708633119401939135 12
9 5
90492950813443436905120056393867146147609547163158939908057387970819739059922 12
90973981485507717095129134252973816730599686062803809890530539978021004214092 12
93 12
96128587107354470568792418496253598745583634292863565170370785011992475364274 12
99221571607979123665780991349421372751072036634265333790224952842857143556818 12
\ 236
add_test 118
addtest 96
c: 236
convertingtestssuite 88
divtest 96
equaltest 88
exe 118
false 30
group 472
gtest_also_run_disabled_tests 118
gtest_filter 118
itmo 236
multtest 96
number_tests 118
number_tests_tests 1
op 236
operationtestssuite 384
pointing 1110
properties 118
set 1
set_tests_properties 118
skip_regular_expression 118
skipped 118
substtest 96
tests 236
to 1110
true 36
working_directory 118
