C:\itmo\OP\2int2023_t\Testing\Temporary\CTestCostData.txt
2940
0 371
0057276 1
0057339 1
0057447 1
0057883 1
0058233 1
0058364 1
0058605 1
0059044 1
0059791 1
0060113 1
0060591 1
0061795 1
0062262 1
0062282 1
0062761 1
0062994 1
0063303 1
0063482 1
0063525 1
0063568 1
0063693 1
0063793 1
0063933 1
0064659 1
0064878 1
0065067 1
0066051 1
0066306 1
0066552 1
0068408 1
0068803 1
0069054 1
006914 1
0069334 1
007402 1
0078349 1
0089734 1
0093992 1
0094023 1
0094363 1
00976 1
0099532 1
0116701 1
0121544 1
017417 1
017439 1
0178352 1
0185417 1
0188217 1
0193997 1
0195699 1
019733 1
0203043 1
0203366 1
0203817 1
0205723 1
0206342 1
0207596 1
0207723 1
0208248 1
0208264 1
0208452 1
0208787 1
0209134 1
0210339 1
0211734 1
0212289 1
0212383 1
0213027 1
0213843 1
0214282 1
021689 1
02226 1
0227475 1
0229588 1
0230378 1
0231336 1
0231626 1
0231747 1
0231858 1
0232155 1
0234335 1
0234703 1
0234758 1
023558 1
0235756 1
0235824 1
0236206 1
0236815 1
0237563 1
0237687 1
0237907 1
023793 1
0238482 1
0239982 1
0240065 1
0240445 1
024103 1
0241311 1
0241663 1
0242444 1
0242493 1
0244899 1
0288594 1
029185 1
0292367 1
0292673 1
0292719 1
0293016 1
0293756 1
0293814 1
0294365 1
0295408 1
0295645 1
0296377 1
0310326 1
0320175 1
0354154 1
0x7ff6a738d0d9 2
0x7ff6a738d0e4 2
0x7ff6a738d0ef 2
0x7ff6a738d0f5 2
0x7ff6a738d0fb 1
0x7ff6a738d101 2
0x7ff6a738d105 2
0x7ff6a738d109 1
0x7ff6a738d10f 33
0x7ff6a738d111 1
0x7ff6a738d11d 1
0x7ff6a738d124 1
0x7ff6a738d12b 1
0x7ff6a738d131 1
0x7ff6a738d137 1
0x7ff6a738d13b 13
0x7ff6a738d188 4
0x7ff6a738d1d8 4
0x7ff6a738d1f0 16
0x7ff6a738d338 4
0x7ff6a738d388 4
0x7ff6a738d4d0 4
0x7ff6a738d520 4
0x7ff6a738d570 8
0x7ff6a738d6b0 4
0x7ff6a738d700 4
0x7ff6a738d750 8
0x7ff6a738d890 4
0x7ff6a738d8e0 4
0x7ff6a738d930 8
0x7ff6a738da78 4
0x7ff6a738dac8 4
0x7ff6a738db18 8
0x7ff6a738dc58 4
0x7ff6a738dca8 4
0x7ff6a738dcf8 8
0x7ff6a738de38 4
0x7ff6a738de88 4
0x7ff6a738ded8 8
0x7ff6a738e018 4
0x7ff6a738e068 4
0x7ff6a738e0b8 8
0x7ff6a738e1f8 4
0x7ff6a738e248 4
0x7ff6a738e298 8
0x7ff6a738e3d8 4
0x7ff6a738e428 4
0x7ff6a738e478 8
0x7ff6a738e5b8 4
0x7ff6a738e608 4
0x7ff6a738e658 8
0x7ff6a738e798 4
0x7ff6a738e7e8 4
0x7ff6a738e838 8
0x7ff6a738e978 4
0x7ff6a738e9c8 4
0x7ff6a738ea18 8
0x7ff6a738eb58 4
0x7ff6a738eba8 4
0x7ff6a738ebf8 8
0x7ff6a738ed38 4
0x7ff6a738ed88 4
0x7ff6a738edd8 8
0x7ff6a738ef16 4
0x7ff6a738ef1c 4
0x7ff6a738ef22 8
0x7ff6a738ef28 8
0x7ff6a738ef2a 4
0x7ff6a738ef32 4
0x7ff6a738ef38 4
0x7ff6a738ef3e 4
0x7ff6a738ef44 8
0x7ff6a738ef4a 4
0x7ff6a738ef53 4
0x7ff6a738ef57 4
0x7ff6a738ef5c 4
0x7ff6a738ef61 8
0x7ff6a738ef67 4
0x7ff6a738ef70 4
0x7ff6a738ef78 16
0x7ff6a738efc7 4
0x7ff6a738efe8 8
0x7ff6a738f0d8 8
0x7ff6a738f130 4
0x7ff6a738f1cf 4
0x7ff6a738f1d4 16
0x7ff6a738f1d9 4
1 147
10 8
10000 3
1004373611299252998641630229945772235727532040707138881108 4
100437361129925299864163022994577223572753204070713888111204937089006626491254 8
1023 4
1024 12
1025 4
1248 4
1282 4
13 4
13230854 4
14 4
15 12
16 4
1623 4
17 8
1908 4
1988 4
2 8
2074 4
2147483647 7
2147483648 4
2147483649 4
239 3
2530 4
255 6
256 6
31251 2
31252 1
3243460 4
32767 3
32768 7
32769 1
3614 4
3626777458843887524118528 4
3661 4
36910543626357909786996858927504055915546565889432391444809017960754559034869 4
37524906559012625607594720163609851303954535263701568652191903636685120612512 4
3812 4
382489325376807706010 4
38248932537680770601029411713883490518620747926528326546087978398975222618629 4
3896 4
405272312330606683982498447530407677486444946329741970511324085183808429621437 4
405272312330606683982498447530407677486444946329741970511324085183808429621438 4
405272312330606683982498447530407677486444946329741974138101544027695953739965 4
40527231233060668398249844753040767748644494632974197776 4
405272312330606683982498447530407677486444946329741977764879002871583477858493 8
42344127027586150326858908364592447171456924859482671531491421249667097722632 4
4294901761 4
4294934528 4
44899278342867897178161916408851471645352269498831438830738136848321760750814 4
47 4
55627717134782002331025974681758179291147628290118003381475391126414775855903 4
56845854057590252584006989429627957413326802230550090002766152423691466199867 4
5804 4
62 4
64033119192930786369855153249687612316535508118289072695888014347370611057501 4
65529078579099725249902581203152790807201440339173524296737345244458286237794 4
65535 5
65640897397740066190551572165409064134582743288004789061190670791021638623800 4
65670123909401983585308549786595851694410179714945696570320001142378944542562 4
67532224128613087281662110248791958688454806792296727573054956633143475837222 4
67986512732075487315221040743176172402098301981074288624134434874570594916189 4
68849238462076040579623317176146477521262781110665354478170488330043650923186 4
70937068087195689802196086497885550869204550154344904328970246838414875130163 4
71179774459146621954624263114204033447348272489955909646997340730319785986765 4
720 4
7275 4
72871897469819293737367872833326987466367646586482254424286949504560031874005 4
73989903274620946355896497534176567458423271806658992916116356604130779555503 4
7433568 4
74740812139497906314119485815115358176873775528344185232088990644697244287674 4
76274280532169161947344894940665778832558853403881828514553163329962471884371 4
77395514233945693851309379069318824882565188883653627192010699993199608317469 4
78577375039869595983650414228663617994836280624125539477368993945122062666954 4
81563986793718630029735428226007353499088224879562093056794053617199222693159 4
82525551859180769338356537095667899997940203894520739123078359239582931071496 4
88855163870341754842750315870614312116360574967963774070817708633119401939135 4
90492950813443436905120056393867146147609547163158939908057387970819739059922 4
90973981485507717095129134252973816730599686062803809890530539978021004214092 4
93 4
96128587107354470568792418496253598745583634292863565170370785011992475364274 4
99221571607979123665780991349421372751072036634265333790224952842857143556818 4
addtest 48
convertingtestssuite 44
divtest 48
equaltest 44
false 10
group 236
multtest 48
operationtestssuite 192
pointing 370
substtest 48
to 370
true 12
