C:\itmo\OP\2int2023_t\tests\number_test.cpp
464
0 24
1 21
10000 2
100437361129925299864163022994577223572753204070713888110822447763629818785244 1
100437361129925299864163022994577223572753204070713888111204937089006626491254 2
100437361129925299864163022994577223572753204070713888111587426414383434197264 1
1023 1
1024 3
1025 1
104442767754970997068658969176296014604001372681729119017863974593898034872091 1
106377246220516936696714061614280059487992432977771744227379435597037708780133 1
110540175740607963368713488574260535779935012786836227891928807639343399374614 1
111744466521471062588629470729710044638866394325887658 1
11588483771985079536160450597782349128735653740175834794108112401168055941333 1
1181860805923902132341035159344793112271091740471912285358293951922454349485 1
1248 1
1282 1
13230854 1
133120134589759414531351884370293736245885655634431918517319315753653938084238 1
138542021379221277322676422619922839160777826301427950994606950646938976416567 1
138686293667606070465192434708460714091373951997242214657292915487981849109883 1
140029012921222662534247580290350510968611053600621264125167829060363436909951 1
1469832487054184013178321496623041557517329857560238757278117847507488415462666081345922349701550571520 1
153462619946376459140552623593553450867144754048865643452048606077997806201659 1
155972889273815289834959793297982442877401469507779166669379693938321670984423 1
158479463545518924220341097137043318549707849144233228532191822845390333976111 1
16233169346009810781009648437858458553725910534459624658441549333323759926418 1
164750650187078848915683572552574163558273476973438858086962298087315429794612 1
165714793625005623409248620068089174907473461591147995122619530622718248501766 1
170118490381975416924688916030430166204006906099522558086487141616123254919777 1
170419150664060384872485744096621665615448799847525867127611762250318624632294 1
18102810575769376723431254518148327987193093026416434729283487489729655243391 1
1908 1
19428426474578909363337905511037821419232051173331738511787010906271005684504 1
1988 1
2 5
20741619054872169012389655756557592489230473789173350230452533942699877872986 1
2087424887573880180034603735162620138823842432308768321585886938106965787533830899049366493156956540347184795825548164412753052246412858620271452410858336 1
2147483647 7
2147483648 3
21688992165344636042996244885095165145078583258806401164396593097703513334869 1
22138683832733524212895920962077031287160362486204572254254428407861695808771 1
22506438081367949589899015650690973745511245182084651283922953096249144143733 1
2330535997070581375000945938057555926085491379290555168826852400276135063579 1
239 2
2492651104884153636937631117191849081819453420865277715427945122948178546599917829034047583175092105714470305515561503981419101504708025332458254066093918 1
2530 1
255 4
256 4
262588664483590143531121710969498588281464294305316518755 1
2711426533078025972208878631807204481081375401842072712309070662828337810862767172806879647248434143296200451776597497219281309337836828632494154301062632 1
2947228922936764263278593134565144136359091408470686107551296314838620133777238799282416859095135867114457581255034043407501865610098211516114469689773200 1
3 1
30621680502255177494665251321287902772908240902864336128245938672388916802353 1
31251 1
31252 1
3243460 1
32767 2
32768 7
32769 1
33692493028879398415878410146268581943870596295091809493487607598398857319024 1
3614 1
3626777458843887524118528 1
3661 1
36910543626357909786996858927504055915546565889432391444809017960754559034869 1
37524906559012625607594720163609851303954535263701568652191903636685120612512 1
3812 1
382489325376807706010 1
38248932537680770601029411713883490518620747926528326546087978398975222618629 1
38416218501211936890531400159631954207969985700838638497543395326072553608661814981408315068236540 1
3841621850121193689056094050891961595701619324047065344961894814305035892369316483871638988146919771104166481396023419852469300943183134666226048045970766 1
3896 1
4 1
405272312330606683982498447530407677486444946329741970511324085183808429621436 1
405272312330606683982498447530407677486444946329741970511324085183808429621437 4
405272312330606683982498447530407677486444946329741970511324085183808429621438 1
405272312330606683982498447530407677486444946329741974138101544027695953739965 1
405272312330606683982498447530407677486444946329741977764879002871583477858493 4
42344127027586150326858908364592447171456924859482671531491421249667097722632 1
4335876619479385564872152673121822012587581207204663640736436486602325147544118417481026678820078226988641235142537430322987520845335143334540845999578657 1
44899278342867897178161916408851471645352269498831438830738136848321760750814 1
47 1
4785506536356269914184970909892200885739030922927006064801915887034252297002241486295804408378222125039917160600543251489604663813119893925272964343900810 1
4900673265414575403283020931754806415526873161026348792632208277230756589879577463632166517022145872149325698962335940491526779458276425071774238227633290 1
5 1
55627717134782002331025974681758179291147628290118003381475391126414775855903 1
56845854057590252584006989429627957413326802230550090002766152423691466199867 1
5804 1
5854120691168105079515485575721104885173654361210637047927063838942959569168266271189749455297711960080075388343560555696492171912349388159767960059133848 1
6081536348364316398843811021653824372214471501524039541055122504868125757436386607408632696145953775441116959716063564228770585152105032580103466847219426 1
6152300152641253049815119930066554513290532021180687776932537099849242375837358748670939302969937732683303314396295945434233018879573638306351043238877258 1
62188428592244529263133611280693733054132456144185561565116958690031403872625 1
64033119192930786369855153249687612316535508118289072695888014347370611057501 1
6501898162641034274110853689515764769183761809588644470881322763147958693421930138013906548531873889642466048576162732984252589674467061280043488897979492 1
65529078579099725249902581203152790807201440339173524296737345244458286237794 1
65535 6
65640897397740066190551572165409064134582743288004789061190670791021638623800 1
65670123909401983585308549786595851694410179714945696570320001142378944542562 1
67532224128613087281662110248791958688454806792296727573054956633143475837222 1
67986512732075487315221040743176172402098301981074288624134434874570594916189 1
6799469259790492954244028907316702065850493362011793270200819679048329353962486116720156698284103124419309263629390446885524349964800595654712728732702008 1
68849238462076040579623317176146477521262781110665354478170488330043650923186 1
70937068087195689802196086497885550869204550154344904328970246838414875130163 1
7112544861999131427278221601020599388013187742552628437053780586823271949128539661894241777511953875252963043273289810912019592919490136018016431726299822 1
71179774459146621954624263114204033447348272489955909646997340730319785986765 1
7201773560417310152059323046731135771957466871536557853966948362181087331443 1
7247381412474259645444820598526678727333707943393369800154711784059232717074390446266342734896555800030626580833056297093044421952446372518824881698877465 1
7275 1
72871897469819293737367872833326987466367646586482254424286949504560031874005 1
7291177076623124813014887644606958617272350088401681014023655015920179245976 1
73989903274620946355896497534176567458423271806658992916116356604130779555503 1
7433568 1
74740812139497906314119485815115358176873775528344185232088990644697244287674 1
76274280532169161947344894940665778832558853403881828514553163329962471884371 1
77395514233945693851309379069318824882565188883653627192010699993199608317469 1
78577375039869595983650414228663617994836280624125539477368993945122062666954 1
81563986793718630029735428226007353499088224879562093056794053617199222693159 1
82525551859180769338356537095667899997940203894520739123078359239582931071496 1
88855163870341754842750315870614312116360574967963774070817708633119401939135 1
90492950813443436905120056393867146147609547163158939908057387970819739059922 1
90973981485507717095129134252973816730599686062803809890530539978021004214092 1
93152623693794627938620694845368030595102163553819572033667294763099896468415 1
96128587107354470568792418496253598745583634292863565170370785011992475364274 1
99221571607979123665780991349421372751072036634265333790224952842857143556818 1
: 2
a 11
addtest 1
assert_eq 5
assert_ne 1
b 11
bool 1
char 7
class 2
const 7
convertingtestssuite 3
cstring 1
divtest 1
else 1
equaltest 1
expected 8
false 10
from_int 1
from_string 13
getparam 20
group 2
gtest 2
h 2
if 2
ignored 1
include 4
instantiate_test_suite_p 2
int2023_t 18
lhs 1
lib 1
multtest 1
negative 1
number 1
operationtestssuite 6
positive 1
public 2
result 8
rhs 1
std::get 20
std::make_tuple 46
std::tuple 2
strcmp 1
substtest 1
test_p 5
testing::testwithparam 2
testing::values 2
true 12
tuple 1
uint32_t 1
